gpu_tot_sim_insn:
                                                               count          mean           std           min           25%           50%           75%           max
clean_names                                                                                                                                                           
adaptive_average_pool                                            1.0  6.620828e+06           NaN  6.620828e+06  6.620828e+06  6.620828e+06  6.620828e+06  6.620828e+06
dot_kernel                                                       1.0  1.864480e+06           NaN  1.864480e+06  1.864480e+06  1.864480e+06  1.864480e+06  1.864480e+06
fused_dropout_kernel_vec                                         2.0  7.587840e+05  4.127241e+05  4.669440e+05  6.128640e+05  7.587840e+05  9.047040e+05  1.050624e+06
gemmk1_kernel                                                    4.0  1.393758e+07  1.104415e+07  7.270616e+06  7.270616e+06  9.088270e+06  1.575523e+07  3.030316e+07
gemv2T_kernel_val                                                2.0  1.734083e+08  9.268190e+07  1.078723e+08  1.406403e+08  1.734083e+08  2.061763e+08  2.389443e+08
im2col_kernel                                                    5.0  2.812491e+08  1.109493e+08  1.587395e+08  2.116502e+08  2.699617e+08  3.174718e+08  4.484222e+08
kernelPointwiseApply1                                            5.0  6.503200e+04  9.257790e+04  1.383200e+04  1.383200e+04  1.383200e+04  5.632800e+04  2.273360e+05
max_pool_forward_nchw                                            3.0  3.850975e+07  2.325219e+07  1.338259e+07  2.813122e+07  4.287984e+07  5.107334e+07  5.926683e+07
reduce_1Block_kernel                                             1.0  4.062000e+04           NaN  4.062000e+04  4.062000e+04  4.062000e+04  4.062000e+04  4.062000e+04
softmax_warp_forward                                             1.0  1.061400e+04           NaN  1.061400e+04  1.061400e+04  1.061400e+04  1.061400e+04  1.061400e+04
vectorized_elementwise_kernel<4, threshold_kernel_impl<…>, _>    7.0  2.379099e+06  2.408110e+06  2.560000e+04  7.816000e+05  1.537600e+06  3.536800e+06  6.453696e+06
volta_sgemm_128x32_nn                                            2.0  1.386807e+09  5.340298e+08  1.009190e+09  1.197999e+09  1.386807e+09  1.575615e+09  1.764423e+09
volta_sgemm_128x32_sliced1x4_nn                                  2.0  9.166438e+08  2.556695e+08  7.358581e+08  8.262510e+08  9.166438e+08  1.007037e+09  1.097429e+09
volta_sgemm_128x32_tn                                            1.0  2.544845e+07           NaN  2.544845e+07  2.544845e+07  2.544845e+07  2.544845e+07  2.544845e+07
volta_sgemm_128x64_nn                                            1.0  4.546498e+08           NaN  4.546498e+08  4.546498e+08  4.546498e+08  4.546498e+08  4.546498e+08

gpgpu_simulation_time:
                                                               count         mean         std     min      25%     50%      75%     max
clean_names                                                                                                                            
adaptive_average_pool                                            1.0    22.000000         NaN    22.0    22.00    22.0    22.00    22.0
dot_kernel                                                       1.0     8.000000         NaN     8.0     8.00     8.0     8.00     8.0
fused_dropout_kernel_vec                                         2.0     5.000000    0.000000     5.0     5.00     5.0     5.00     5.0
gemmk1_kernel                                                    4.0    17.250000    9.912114    11.0    11.75    13.0    18.50    32.0
gemv2T_kernel_val                                                2.0  1465.500000  586.191522  1051.0  1258.25  1465.5  1672.75  1880.0
im2col_kernel                                                    5.0   244.200000   98.978280   133.0   168.00   255.0   281.00   384.0
kernelPointwiseApply1                                            5.0     4.000000    0.000000     4.0     4.00     4.0     4.00     4.0
max_pool_forward_nchw                                            3.0    45.333333   24.986663    18.0    34.50    51.0    59.00    67.0
reduce_1Block_kernel                                             1.0     5.000000         NaN     5.0     5.00     5.0     5.00     5.0
softmax_warp_forward                                             1.0     5.000000         NaN     5.0     5.00     5.0     5.00     5.0
vectorized_elementwise_kernel<4, threshold_kernel_impl<…>, _>    7.0    18.571429   14.512720     4.0     9.00    13.0    26.00    43.0
volta_sgemm_128x32_nn                                            2.0  1097.500000  441.941738   785.0   941.25  1097.5  1253.75  1410.0
volta_sgemm_128x32_sliced1x4_nn                                  2.0   771.000000  207.889394   624.0   697.50   771.0   844.50   918.0
volta_sgemm_128x32_tn                                            1.0    25.000000         NaN    25.0    25.00    25.0    25.00    25.0
volta_sgemm_128x64_nn                                            1.0   373.000000         NaN   373.0   373.00   373.0   373.00   373.0

gpu_tot_sim_cycle:
                                                               count           mean            std       min        25%       50%        75%       max
clean_names                                                                                                                                           
adaptive_average_pool                                            1.0   11151.000000            NaN   11151.0   11151.00   11151.0   11151.00   11151.0
dot_kernel                                                       1.0    6693.000000            NaN    6693.0    6693.00    6693.0    6693.00    6693.0
fused_dropout_kernel_vec                                         2.0    6335.000000       2.828427    6333.0    6334.00    6335.0    6336.00    6337.0
gemmk1_kernel                                                    4.0    9057.250000    2438.352911    7656.0    7664.25    7939.5    9332.50   12694.0
gemv2T_kernel_val                                                2.0  372735.000000  131202.249036  279961.0  326348.00  372735.0  419122.00  465509.0
im2col_kernel                                                    5.0   75590.600000   29228.926482   45861.0   50035.00   73600.0   93362.00  115095.0
kernelPointwiseApply1                                            5.0    5347.400000       1.949359    5346.0    5346.00    5346.0    5349.00    5350.0
max_pool_forward_nchw                                            3.0   15560.000000    6034.974399    8720.0   13273.00   17826.0   18980.00   20134.0
reduce_1Block_kernel                                             1.0    6106.000000            NaN    6106.0    6106.00    6106.0    6106.00    6106.0
softmax_warp_forward                                             1.0    5830.000000            NaN    5830.0    5830.00    5830.0    5830.00    5830.0
vectorized_elementwise_kernel<4, threshold_kernel_impl<…>, _>    7.0    8811.857143    3027.537031    5662.0    6715.00    7770.0   10606.00   13609.0
volta_sgemm_128x32_nn                                            2.0  246776.000000   71013.319821  196562.0  221669.00  246776.0  271883.00  296990.0
volta_sgemm_128x32_sliced1x4_nn                                  2.0  230582.500000   62173.777949  186619.0  208600.75  230582.5  252564.25  274546.0
volta_sgemm_128x32_tn                                            1.0   11978.000000            NaN   11978.0   11978.00   11978.0   11978.00   11978.0
volta_sgemm_128x64_nn                                            1.0  113166.000000            NaN  113166.0  113166.00  113166.0  113166.00  113166.0

L2_cache_global_read_hit:
                                                               count          mean           std        min         25%        50%         75%        max
clean_names                                                                                                                                              
adaptive_average_pool                                            1.0  7.424000e+03           NaN     7424.0     7424.00     7424.0     7424.00     7424.0
dot_kernel                                                       1.0  2.560000e+03           NaN     2560.0     2560.00     2560.0     2560.00     2560.0
fused_dropout_kernel_vec                                         2.0  8.320000e+02  4.525483e+02      512.0      672.00      832.0      992.00     1152.0
gemmk1_kernel                                                    4.0  2.818500e+03  1.379927e+03     1851.0     1862.25     2319.0     3275.25     4785.0
gemv2T_kernel_val                                                2.0  6.729350e+04  3.459237e+04    42833.0    55063.25    67293.5    79523.75    91754.0
im2col_kernel                                                    5.0  1.640580e+04  9.041237e+03      961.0    16644.00    18782.0    22362.00    23280.0
kernelPointwiseApply1                                            5.0  0.000000e+00  0.000000e+00        0.0        0.00        0.0        0.00        0.0
max_pool_forward_nchw                                            3.0  9.044067e+04  5.319566e+04    32172.0    67457.00   102742.0   119575.00   136408.0
reduce_1Block_kernel                                             1.0  2.400000e+01           NaN       24.0       24.00       24.0       24.00       24.0
softmax_warp_forward                                             1.0  2.000000e+00           NaN        2.0        2.00        2.0        2.00        2.0
vectorized_elementwise_kernel<4, threshold_kernel_impl<…>, _>    7.0  1.145714e+02  2.029013e+02        0.0        0.00        0.0      154.00      494.0
volta_sgemm_128x32_nn                                            2.0  3.484798e+06  1.255240e+06  2597210.0  3041004.25  3484798.5  3928592.75  4372387.0
volta_sgemm_128x32_sliced1x4_nn                                  2.0  2.997735e+06  9.173494e+05  2349071.0  2673403.00  2997735.0  3322067.00  3646399.0
volta_sgemm_128x32_tn                                            1.0  3.226000e+03           NaN     3226.0     3226.00     3226.0     3226.00     3226.0
volta_sgemm_128x64_nn                                            1.0  2.502810e+05           NaN   250281.0   250281.00   250281.0   250281.00   250281.0

L2_cache_global_read_total_access:
                                                               count          mean           std        min         25%        50%         75%        max
clean_names                                                                                                                                              
adaptive_average_pool                                            1.0  7.424000e+03           NaN     7424.0     7424.00     7424.0     7424.00     7424.0
dot_kernel                                                       1.0  7.680000e+03           NaN     7680.0     7680.00     7680.0     7680.00     7680.0
fused_dropout_kernel_vec                                         2.0  8.320000e+02  4.525483e+02      512.0      672.00      832.0      992.00     1152.0
gemmk1_kernel                                                    4.0  2.919500e+03  1.347343e+03     1960.0     1960.00     2450.0     3409.50     4818.0
gemv2T_kernel_val                                                2.0  3.476878e+06  1.888996e+06  2141156.0  2809017.00  3476878.0  4144739.00  4812600.0
im2col_kernel                                                    5.0  8.276460e+04  1.040545e+05    24481.0    32640.00    39538.0    48958.00   268206.0
kernelPointwiseApply1                                            4.0  0.000000e+00  0.000000e+00        0.0        0.00        0.0        0.00        0.0
max_pool_forward_nchw                                            3.0  9.407600e+04  5.805811e+04    32172.0    67457.00   102742.0   125028.00   147314.0
reduce_1Block_kernel                                             1.0  3.000000e+01           NaN       30.0       30.00       30.0       30.00       30.0
softmax_warp_forward                                             1.0  2.000000e+00           NaN        2.0        2.00        2.0        2.00        2.0
vectorized_elementwise_kernel<4, threshold_kernel_impl<…>, _>    7.0  4.756343e+04  4.814335e+04      512.0    15632.00    30752.0    70692.00   129032.0
volta_sgemm_128x32_nn                                            2.0  4.317684e+06  1.950483e+06  2938485.0  3628084.75  4317684.5  5007284.25  5696884.0
volta_sgemm_128x32_sliced1x4_nn                                  2.0  3.625504e+06  1.036969e+06  2892256.0  3258880.00  3625504.0  3992128.00  4358752.0
volta_sgemm_128x32_tn                                            1.0  3.253000e+03           NaN     3253.0     3253.00     3253.0     3253.00     3253.0
volta_sgemm_128x64_nn                                            1.0  9.867750e+05           NaN   986775.0   986775.00   986775.0   986775.00   986775.0

L2_cache_global_write_hit:
                                                               count           mean           std      min      25%      50%       75%       max
clean_names                                                                                                                                     
adaptive_average_pool                                            1.0    1152.000000           NaN   1152.0   1152.0   1152.0    1152.0    1152.0
dot_kernel                                                       1.0     140.000000           NaN    140.0    140.0    140.0     140.0     140.0
fused_dropout_kernel_vec                                         2.0       0.000000      0.000000      0.0      0.0      0.0       0.0       0.0
gemmk1_kernel                                                    4.0   13146.000000  10221.227324   6944.0   6944.0   8680.0   14882.0   28280.0
gemv2T_kernel_val                                                2.0    2048.000000      0.000000   2048.0   2048.0   2048.0    2048.0    2048.0
im2col_kernel                                                    5.0  101618.000000  58470.022747  41832.0  55776.0  83664.0  158908.0  167910.0
kernelPointwiseApply1                                            5.0       0.000000      0.000000      0.0      0.0      0.0       0.0       0.0
max_pool_forward_nchw                                            3.0       0.000000      0.000000      0.0      0.0      0.0       0.0       0.0
reduce_1Block_kernel                                             1.0      10.000000           NaN     10.0     10.0     10.0      10.0      10.0
softmax_warp_forward                                             1.0       0.000000           NaN      0.0      0.0      0.0       0.0       0.0
vectorized_elementwise_kernel<4, threshold_kernel_impl<…>, _>    7.0   47563.428571  48143.348585    512.0  15632.0  30752.0   70692.0  129032.0
volta_sgemm_128x32_nn                                            2.0     732.000000    237.587878    564.0    648.0    732.0     816.0     900.0
volta_sgemm_128x32_sliced1x4_nn                                  2.0       0.000000      0.000000      0.0      0.0      0.0       0.0       0.0
volta_sgemm_128x32_tn                                            1.0       0.000000           NaN      0.0      0.0      0.0       0.0       0.0
volta_sgemm_128x64_nn                                            1.0       0.000000           NaN      0.0      0.0      0.0       0.0       0.0

L2_cache_global_write_total_access:
                                                               count           mean            std       min       25%       50%       75%       max
clean_names                                                                                                                                         
adaptive_average_pool                                            1.0    2304.000000            NaN    2304.0    2304.0    2304.0    2304.0    2304.0
dot_kernel                                                       1.0     160.000000            NaN     160.0     160.0     160.0     160.0     160.0
fused_dropout_kernel_vec                                         2.0    1040.000000     565.685425     640.0     840.0    1040.0    1240.0    1440.0
gemmk1_kernel                                                    4.0   72312.000000   57359.000270   37696.0   37696.0   47120.0   81736.0  157312.0
gemv2T_kernel_val                                                2.0    2048.000000       0.000000    2048.0    2048.0    2048.0    2048.0    2048.0
im2col_kernel                                                    5.0  586711.000000  323799.045763  249408.0  332544.0  498816.0  890931.0  961856.0
kernelPointwiseApply1                                            5.0     575.400000     822.161055     121.0     121.0     121.0     497.0    2017.0
max_pool_forward_nchw                                            3.0   62016.000000   37348.665518   21600.0   45396.0   69192.0   82224.0   95256.0
reduce_1Block_kernel                                             1.0      10.000000            NaN      10.0      10.0      10.0      10.0      10.0
softmax_warp_forward                                             1.0       2.000000            NaN       2.0       2.0       2.0       2.0       2.0
vectorized_elementwise_kernel<4, threshold_kernel_impl<…>, _>    7.0   47563.428571   48143.348585     512.0   15632.0   30752.0   70692.0  129032.0
volta_sgemm_128x32_nn                                            2.0     768.000000     271.529004     576.0     672.0     768.0     864.0     960.0
volta_sgemm_128x32_sliced1x4_nn                                  2.0       0.000000       0.000000       0.0       0.0       0.0       0.0       0.0
volta_sgemm_128x32_tn                                            1.0       0.000000            NaN       0.0       0.0       0.0       0.0       0.0
volta_sgemm_128x64_nn                                            1.0       0.000000            NaN       0.0       0.0       0.0       0.0       0.0

Total_core_cache_stats_breakdown_GLOBAL_ACC_R_TOTAL_ACCESS:
                                                               count          mean           std        min        25%        50%        75%        max
clean_names                                                                                                                                            
adaptive_average_pool                                            1.0  3.456000e+04           NaN    34560.0    34560.0    34560.0    34560.0    34560.0
dot_kernel                                                       1.0  1.024000e+04           NaN    10240.0    10240.0    10240.0    10240.0    10240.0
fused_dropout_kernel_vec                                         2.0  8.320000e+02  4.525483e+02      512.0      672.0      832.0      992.0     1152.0
gemmk1_kernel                                                    4.0  3.733500e+03  2.930312e+03     1960.0     1960.0     2450.0     4223.5     8074.0
gemv2T_kernel_val                                                2.0  3.835904e+06  2.085343e+06  2361344.0  3098624.0  3835904.0  4573184.0  5310464.0
im2col_kernel                                                    5.0  9.970598e+05  1.163815e+06   237468.0   316624.0   474936.0   934044.0  3022227.0
kernelPointwiseApply1                                            4.0  0.000000e+00  0.000000e+00        0.0        0.0        0.0        0.0        0.0
max_pool_forward_nchw                                            3.0  4.370827e+05  2.471125e+05   166816.0   329888.0   492960.0   572216.0   651472.0
reduce_1Block_kernel                                             1.0  3.000000e+01           NaN       30.0       30.0       30.0       30.0       30.0
softmax_warp_forward                                             1.0  2.000000e+00           NaN        2.0        2.0        2.0        2.0        2.0
vectorized_elementwise_kernel<4, threshold_kernel_impl<…>, _>    7.0  9.512686e+04  9.628670e+04     1024.0    31264.0    61504.0   141384.0   258064.0
volta_sgemm_128x32_nn                                            2.0  5.239620e+06  2.299426e+06  3613680.0  4426650.0  5239620.0  6052590.0  6865560.0
volta_sgemm_128x32_sliced1x4_nn                                  2.0  4.084032e+06  1.168118e+06  3258048.0  3671040.0  4084032.0  4497024.0  4910016.0
volta_sgemm_128x32_tn                                            1.0  7.494000e+03           NaN     7494.0     7494.0     7494.0     7494.0     7494.0
volta_sgemm_128x64_nn                                            1.0  1.552995e+06           NaN  1552995.0  1552995.0  1552995.0  1552995.0  1552995.0

Total_core_cache_stats_breakdown_GLOBAL_ACC_R_HIT:
                                                               count           mean           std       min        25%       50%        75%        max
clean_names                                                                                                                                           
adaptive_average_pool                                            1.0   20342.000000           NaN   20342.0   20342.00   20342.0   20342.00    20342.0
dot_kernel                                                       1.0      51.000000           NaN      51.0      51.00      51.0      51.00       51.0
fused_dropout_kernel_vec                                         2.0       0.000000  0.000000e+00       0.0       0.00       0.0       0.00        0.0
gemmk1_kernel                                                    4.0     248.500000  4.970000e+02       0.0       0.00       0.0     248.50      994.0
gemv2T_kernel_val                                                2.0  232018.000000  1.521906e+05  124403.0  178210.50  232018.0  285825.50   339633.0
im2col_kernel                                                    5.0  912633.200000  1.060259e+06  212532.0  283374.00  424802.0  893485.00  2748973.0
kernelPointwiseApply1                                            5.0       0.000000  0.000000e+00       0.0       0.00       0.0       0.00        0.0
max_pool_forward_nchw                                            3.0  336514.333333  1.850910e+05  132611.0  257806.50  383002.0  438466.00   493930.0
reduce_1Block_kernel                                             1.0       0.000000           NaN       0.0       0.00       0.0       0.00        0.0
softmax_warp_forward                                             1.0       0.000000           NaN       0.0       0.00       0.0       0.00        0.0
vectorized_elementwise_kernel<4, threshold_kernel_impl<…>, _>    7.0       0.000000  0.000000e+00       0.0       0.00       0.0       0.00        0.0
volta_sgemm_128x32_nn                                            2.0  319549.500000  1.167016e+05  237029.0  278289.25  319549.5  360809.75   402070.0
volta_sgemm_128x32_sliced1x4_nn                                  2.0       3.500000  7.071068e-01       3.0       3.25       3.5       3.75        4.0
volta_sgemm_128x32_tn                                            1.0       9.000000           NaN       9.0       9.00       9.0       9.00        9.0
volta_sgemm_128x64_nn                                            1.0  417371.000000           NaN  417371.0  417371.00  417371.0  417371.00   417371.0

Total_core_cache_stats_breakdown_GLOBAL_ACC_W_HIT:
                                                               count          mean           std      min       25%      50%        75%       max
clean_names                                                                                                                                      
adaptive_average_pool                                            1.0   1024.000000           NaN   1024.0   1024.00   1024.0    1024.00    1024.0
dot_kernel                                                       1.0      0.000000           NaN      0.0      0.00      0.0       0.00       0.0
fused_dropout_kernel_vec                                         2.0      0.000000      0.000000      0.0      0.00      0.0       0.00       0.0
gemmk1_kernel                                                    4.0     42.000000     84.000000      0.0      0.00      0.0      42.00     168.0
gemv2T_kernel_val                                                2.0   2048.000000      0.000000   2048.0   2048.00   2048.0    2048.00    2048.0
im2col_kernel                                                    5.0  97145.400000  57095.787413  39323.0  52431.00  78644.0  153825.00  161504.0
kernelPointwiseApply1                                            5.0      0.000000      0.000000      0.0      0.00      0.0       0.00       0.0
max_pool_forward_nchw                                            3.0      0.000000      0.000000      0.0      0.00      0.0       0.00       0.0
reduce_1Block_kernel                                             1.0     10.000000           NaN     10.0     10.00     10.0      10.00      10.0
softmax_warp_forward                                             1.0      0.000000           NaN      0.0      0.00      0.0       0.00       0.0
vectorized_elementwise_kernel<4, threshold_kernel_impl<…>, _>    7.0  47563.428571  48143.348585    512.0  15632.00  30752.0   70692.00  129032.0
volta_sgemm_128x32_nn                                            2.0      4.500000      4.949747      1.0      2.75      4.5       6.25       8.0
volta_sgemm_128x32_sliced1x4_nn                                  2.0      0.000000      0.000000      0.0      0.00      0.0       0.00       0.0
volta_sgemm_128x32_tn                                            1.0      0.000000           NaN      0.0      0.00      0.0       0.00       0.0
volta_sgemm_128x64_nn                                            1.0      0.000000           NaN      0.0      0.00      0.0       0.00       0.0

Total_core_cache_stats_breakdown_GLOBAL_ACC_W_TOTAL_ACCESS:
                                                               count           mean            std       min       25%       50%       75%       max
clean_names                                                                                                                                         
adaptive_average_pool                                            1.0    2304.000000            NaN    2304.0    2304.0    2304.0    2304.0    2304.0
dot_kernel                                                       1.0     160.000000            NaN     160.0     160.0     160.0     160.0     160.0
fused_dropout_kernel_vec                                         2.0    1040.000000     565.685425     640.0     840.0    1040.0    1240.0    1440.0
gemmk1_kernel                                                    4.0   72312.000000   57359.000270   37696.0   37696.0   47120.0   81736.0  157312.0
gemv2T_kernel_val                                                2.0    2048.000000       0.000000    2048.0    2048.0    2048.0    2048.0    2048.0
im2col_kernel                                                    5.0  586711.000000  323799.045763  249408.0  332544.0  498816.0  890931.0  961856.0
kernelPointwiseApply1                                            5.0     575.400000     822.161055     121.0     121.0     121.0     497.0    2017.0
max_pool_forward_nchw                                            3.0   62016.000000   37348.665518   21600.0   45396.0   69192.0   82224.0   95256.0
reduce_1Block_kernel                                             1.0      10.000000            NaN      10.0      10.0      10.0      10.0      10.0
softmax_warp_forward                                             1.0       2.000000            NaN       2.0       2.0       2.0       2.0       2.0
vectorized_elementwise_kernel<4, threshold_kernel_impl<…>, _>    7.0   47563.428571   48143.348585     512.0   15632.0   30752.0   70692.0  129032.0
volta_sgemm_128x32_nn                                            2.0     768.000000     271.529004     576.0     672.0     768.0     864.0     960.0
volta_sgemm_128x32_sliced1x4_nn                                  2.0       0.000000       0.000000       0.0       0.0       0.0       0.0       0.0
volta_sgemm_128x32_tn                                            1.0       0.000000            NaN       0.0       0.0       0.0       0.0       0.0
volta_sgemm_128x64_nn                                            1.0       0.000000            NaN       0.0       0.0       0.0       0.0       0.0

Total_core_cache_stats_breakdown_GLOBAL_ACC_R_MSHR_HIT:
                                                               count           mean            std       min        25%       50%        75%       max
clean_names                                                                                                                                           
adaptive_average_pool                                            1.0    6794.000000            NaN    6794.0    6794.00    6794.0    6794.00    6794.0
dot_kernel                                                       1.0    2509.000000            NaN    2509.0    2509.00    2509.0    2509.00    2509.0
fused_dropout_kernel_vec                                         2.0       0.000000       0.000000       0.0       0.00       0.0       0.00       0.0
gemmk1_kernel                                                    4.0     565.500000    1131.000000       0.0       0.00       0.0     565.50    2262.0
gemv2T_kernel_val                                                2.0  127008.000000   44155.990058   95785.0  111396.50  127008.0  142619.50  158231.0
im2col_kernel                                                    5.0    1662.000000    1915.438984     455.0     610.00    1021.0    1176.00    5048.0
kernelPointwiseApply1                                            5.0       0.000000       0.000000       0.0       0.00       0.0       0.00       0.0
max_pool_forward_nchw                                            3.0    6492.333333    4145.150942    2033.0    4624.50    7216.0    8722.00   10228.0
reduce_1Block_kernel                                             1.0       0.000000            NaN       0.0       0.00       0.0       0.00       0.0
softmax_warp_forward                                             1.0       0.000000            NaN       0.0       0.00       0.0       0.00       0.0
vectorized_elementwise_kernel<4, threshold_kernel_impl<…>, _>    7.0   47563.428571   48143.348585     512.0   15632.00   30752.0   70692.00  129032.0
volta_sgemm_128x32_nn                                            2.0  602386.000000  232242.151213  438166.0  520276.00  602386.0  684496.00  766606.0
volta_sgemm_128x32_sliced1x4_nn                                  2.0  458524.500000  131149.216027  365788.0  412156.25  458524.5  504892.75  551261.0
volta_sgemm_128x32_tn                                            1.0    4232.000000            NaN    4232.0    4232.00    4232.0    4232.00    4232.0
volta_sgemm_128x64_nn                                            1.0  148849.000000            NaN  148849.0  148849.00  148849.0  148849.00  148849.0

gpgpu_n_tot_w_icount:
                                                               count          mean           std         min          25%         50%          75%         max
clean_names                                                                                                                                                   
adaptive_average_pool                                            1.0  7.107900e+05           NaN    710790.0    710790.00    710790.0    710790.00    710790.0
dot_kernel                                                       1.0  7.712000e+04           NaN     77120.0     77120.00     77120.0     77120.00     77120.0
fused_dropout_kernel_vec                                         2.0  2.418000e+04  1.315219e+04     14880.0     19530.00     24180.0     28830.00     33480.0
gemmk1_kernel                                                    4.0  4.986165e+05  3.876732e+05    263384.0    263384.00    329230.0    564462.50   1072622.0
gemv2T_kernel_val                                                2.0  5.632000e+06  2.968717e+06   3532800.0   4582400.00   5632000.0   6681600.00   7731200.0
im2col_kernel                                                    5.0  9.082941e+06  3.552045e+06   5166544.0   6888640.00   8603102.0  10332832.00  14423586.0
kernelPointwiseApply1                                            5.0  2.476400e+03  3.512263e+03       534.0       534.00       534.0      2146.00      8634.0
max_pool_forward_nchw                                            3.0  1.416059e+06  8.528232e+05    493200.0   1036552.00   1579904.0   1877488.00   2175072.0
reduce_1Block_kernel                                             1.0  2.260000e+03           NaN      2260.0      2260.00      2260.0      2260.00      2260.0
softmax_warp_forward                                             1.0  3.830000e+02           NaN       383.0       383.00       383.0       383.00       383.0
vectorized_elementwise_kernel<4, threshold_kernel_impl<…>, _>    7.0  8.029800e+04  8.127696e+04       864.0     26379.00     51894.0    119377.00    217816.0
volta_sgemm_128x32_nn                                            2.0  4.391927e+07  1.690844e+07  31963197.0  37941233.25  43919269.5  49897305.75  55875342.0
volta_sgemm_128x32_sliced1x4_nn                                  2.0  2.872678e+07  8.002503e+06  23068160.0  25897472.00  28726784.0  31556096.00  34385408.0
volta_sgemm_128x32_tn                                            1.0  9.031680e+05           NaN    903168.0    903168.00    903168.0    903168.00    903168.0
volta_sgemm_128x64_nn                                            1.0  1.431493e+07           NaN  14314932.0  14314932.00  14314932.0  14314932.00  14314932.0

total_dram_reads:
                                                               count          mean           std        min        25%        50%        75%        max
clean_names                                                                                                                                            
adaptive_average_pool                                            1.0  0.000000e+00           NaN        0.0        0.0        0.0        0.0        0.0
dot_kernel                                                       1.0  5.120000e+03           NaN     5120.0     5120.0     5120.0     5120.0     5120.0
fused_dropout_kernel_vec                                         2.0  0.000000e+00  0.000000e+00        0.0        0.0        0.0        0.0        0.0
gemmk1_kernel                                                    4.0  3.100000e+01  1.649242e+01        9.0       27.0       33.0       37.0       49.0
gemv2T_kernel_val                                                2.0  3.409376e+06  1.854238e+06  2098232.0  2753804.0  3409376.0  4064948.0  4720520.0
im2col_kernel                                                    5.0  6.633560e+04  1.125896e+05     5692.0    10268.0    22880.0    25652.0   267186.0
kernelPointwiseApply1                                            5.0  0.000000e+00  0.000000e+00        0.0        0.0        0.0        0.0        0.0
max_pool_forward_nchw                                            3.0  3.601333e+03  6.237692e+03        0.0        0.0        0.0     5402.0    10804.0
reduce_1Block_kernel                                             1.0  2.000000e+00           NaN        2.0        2.0        2.0        2.0        2.0
softmax_warp_forward                                             1.0  0.000000e+00           NaN        0.0        0.0        0.0        0.0        0.0
vectorized_elementwise_kernel<4, threshold_kernel_impl<…>, _>    7.0  4.744886e+04  4.827423e+04       18.0    15478.0    30752.0    70692.0   129032.0
volta_sgemm_128x32_nn                                            2.0  6.844550e+05  6.393051e+05   232398.0   458426.5   684455.0   910483.5  1136512.0
volta_sgemm_128x32_sliced1x4_nn                                  2.0  4.332380e+05  1.239388e+05   345600.0   389419.0   433238.0   477057.0   520876.0
volta_sgemm_128x32_tn                                            1.0  2.500000e+01           NaN       25.0       25.0       25.0       25.0       25.0
volta_sgemm_128x64_nn                                            1.0  7.181900e+05           NaN   718190.0   718190.0   718190.0   718190.0   718190.0

total_dram_writes:
                                                               count           mean            std       min        25%       50%        75%       max
clean_names                                                                                                                                           
adaptive_average_pool                                            1.0       0.000000            NaN       0.0       0.00       0.0       0.00       0.0
dot_kernel                                                       1.0       0.000000            NaN       0.0       0.00       0.0       0.00       0.0
fused_dropout_kernel_vec                                         2.0       0.000000       0.000000       0.0       0.00       0.0       0.00       0.0
gemmk1_kernel                                                    4.0    5182.000000    6740.239758       0.0       0.00    3282.0    8464.00   14164.0
gemv2T_kernel_val                                                2.0   28159.000000   38168.209835    1170.0   14664.50   28159.0   41653.50   55148.0
im2col_kernel                                                    5.0  438258.200000  291431.829917  152049.0  213213.00  329121.0  710936.00  785972.0
kernelPointwiseApply1                                            5.0      10.400000      23.255107       0.0       0.00       0.0       0.00      52.0
max_pool_forward_nchw                                            3.0   12810.666667   22188.725545       0.0       0.00       0.0   19216.00   38432.0
reduce_1Block_kernel                                             1.0       0.000000            NaN       0.0       0.00       0.0       0.00       0.0
softmax_warp_forward                                             1.0       0.000000            NaN       0.0       0.00       0.0       0.00       0.0
vectorized_elementwise_kernel<4, threshold_kernel_impl<…>, _>    7.0     561.714286    1486.156308       0.0       0.00       0.0       0.00    3932.0
volta_sgemm_128x32_nn                                            2.0  178211.500000   22027.083341  162636.0  170423.75  178211.5  185999.25  193787.0
volta_sgemm_128x32_sliced1x4_nn                                  2.0  183588.000000    3897.572578  180832.0  182210.00  183588.0  184966.00  186344.0
volta_sgemm_128x32_tn                                            1.0     524.000000            NaN     524.0     524.00     524.0     524.00     524.0
volta_sgemm_128x64_nn                                            1.0  152136.000000            NaN  152136.0  152136.00  152136.0  152136.00  152136.0

gpu_ipc:
                                                               count         mean         std        min          25%         50%          75%        max
clean_names                                                                                                                                              
adaptive_average_pool                                            1.0   593.743000         NaN   593.7430   593.743000   593.74300   593.743000   593.7430
dot_kernel                                                       1.0   278.571700         NaN   278.5717   278.571700   278.57170   278.571700   278.5717
fused_dropout_kernel_vec                                         2.0   119.761950   65.096321    73.7319    96.746925   119.76195   142.776975   165.7920
gemmk1_kernel                                                    4.0  1403.303200  679.838284   948.3000   949.321875  1138.85485  1592.836175  2387.2031
gemv2T_kernel_val                                                2.0   449.304250   90.499132   385.3117   417.307975   449.30425   481.300525   513.2968
im2col_kernel                                                    5.0  3758.500100  589.319739  2891.5591  3461.316900  3896.10500  4230.043900  4313.4756
kernelPointwiseApply1                                            5.0    12.158300   17.306961     2.5874     2.587400     2.58740    10.528600    42.5007
max_pool_forward_nchw                                            3.0  2294.595233  710.972813  1534.7003  1970.083300  2405.46630  2674.542700  2943.6191
reduce_1Block_kernel                                             1.0     6.652500         NaN     6.6525     6.652500     6.65250     6.652500     6.6525
softmax_warp_forward                                             1.0     1.820600         NaN     1.8206     1.820600     1.82060     1.820600     1.8206
vectorized_elementwise_kernel<4, threshold_kernel_impl<…>, _>    7.0   218.281943  178.455117     4.4904   101.205350   198.93910   323.955350   474.2227
volta_sgemm_128x32_nn                                            2.0  5537.613300  570.499125  5134.2095  5335.911400  5537.61330  5739.315200  5941.0171
volta_sgemm_128x32_sliced1x4_nn                                  2.0  3970.178100   38.288277  3943.1042  3956.641150  3970.17810  3983.715050  3997.2520
volta_sgemm_128x32_tn                                            1.0  2124.599100         NaN  2124.5991  2124.599100  2124.59910  2124.599100  2124.5991
volta_sgemm_128x64_nn                                            1.0  4017.548100         NaN  4017.5481  4017.548100  4017.54810  4017.548100  4017.5481

gpgpu_simulation_rate_instructions:
                                                               count          mean            std        min         25%        50%        75%        max
clean_names                                                                                                                                              
adaptive_average_pool                                            1.0  1.168426e+06            NaN  1168426.0  1168426.00  1168426.0  1168426.0  1168426.0
dot_kernel                                                       1.0  8.106790e+05            NaN   810679.0   810679.00   810679.0   810679.0   810679.0
fused_dropout_kernel_vec                                         2.0  1.038544e+06  182498.603370   909498.0   974021.00  1038544.0  1103067.0  1167590.0
gemmk1_kernel                                                    4.0  1.083133e+06  157197.179751   848069.0  1070120.75  1156145.5  1169157.5  1172171.0
gemv2T_kernel_val                                                2.0  8.610930e+05   69884.777398   811677.0   836385.00   861093.0   885801.0   910509.0
im2col_kernel                                                    5.0  1.102002e+06   96580.860445   947924.0  1067427.00  1146436.0  1173136.0  1175088.0
kernelPointwiseApply1                                            5.0  9.134284e+05  482899.970857    56834.0  1021043.00  1146023.0  1169675.0  1173567.0
max_pool_forward_nchw                                            3.0  1.115188e+06   78103.344681  1026078.0  1086895.00  1147712.0  1159742.5  1171773.0
reduce_1Block_kernel                                             1.0  8.102170e+05            NaN   810217.0   810217.00   810217.0   810217.0   810217.0
softmax_warp_forward                                             1.0  8.097530e+05            NaN   809753.0   809753.00   809753.0   809753.0   809753.0
vectorized_elementwise_kernel<4, threshold_kernel_impl<…>, _>    7.0  1.061781e+06  148206.070769   811212.0   974522.50  1153605.0  1172039.0  1174529.0
volta_sgemm_128x32_nn                                            2.0  1.171362e+06    7155.920626  1166302.0  1168832.00  1171362.0  1173892.0  1176422.0
volta_sgemm_128x32_sliced1x4_nn                                  2.0  1.176454e+06    1282.691701  1175547.0  1176000.50  1176454.0  1176907.5  1177361.0
volta_sgemm_128x32_tn                                            1.0  1.020949e+06            NaN  1020949.0  1020949.00  1020949.0  1020949.0  1020949.0
volta_sgemm_128x64_nn                                            1.0  1.094408e+06            NaN  1094408.0  1094408.00  1094408.0  1094408.0  1094408.0

gpgpu_simulation_rate_cycles:
                                                               count   mean         std    min     25%    50%     75%     max
clean_names                                                                                                                  
adaptive_average_pool                                            1.0  284.0         NaN  284.0  284.00  284.0  284.00   284.0
dot_kernel                                                       1.0  277.0         NaN  277.0  277.00  277.0  277.00   277.0
fused_dropout_kernel_vec                                         2.0  281.0    5.656854  277.0  279.00  281.0  283.00   285.0
gemmk1_kernel                                                    4.0  329.5  114.433387  268.0  269.50  274.5  334.50   501.0
gemv2T_kernel_val                                                2.0  276.0    0.000000  276.0  276.00  276.0  276.00   276.0
im2col_kernel                                                    5.0  299.0   35.923530  271.0  271.00  280.0  322.00   351.0
kernelPointwiseApply1                                            5.0  495.4  471.113893  266.0  269.00  278.0  327.00  1337.0
max_pool_forward_nchw                                            3.0  290.0   29.137605  265.0  274.00  283.0  302.50   322.0
reduce_1Block_kernel                                             1.0  277.0         NaN  277.0  277.00  277.0  277.00   277.0
softmax_warp_forward                                             1.0  278.0         NaN  278.0  278.00  278.0  278.00   278.0
vectorized_elementwise_kernel<4, threshold_kernel_impl<…>, _>    7.0  281.0   20.049938  263.0  272.00  276.0  280.00   324.0
volta_sgemm_128x32_nn                                            2.0  264.5    3.535534  262.0  263.25  264.5  265.75   267.0
volta_sgemm_128x32_sliced1x4_nn                                  2.0  279.5    3.535534  277.0  278.25  279.5  280.75   282.0
volta_sgemm_128x32_tn                                            1.0  332.0         NaN  332.0  332.00  332.0  332.00   332.0
volta_sgemm_128x64_nn                                            1.0  325.0         NaN  325.0  325.00  325.0  325.00   325.0

gpu_tot_ipc:
                                                               count         mean          std        min          25%         50%          75%        max
clean_names                                                                                                                                               
adaptive_average_pool                                            1.0  4105.804700          NaN  4105.8047  4105.804700  4105.80470  4105.804700  4105.8047
dot_kernel                                                       1.0  2926.382800          NaN  2926.3828  2926.382800  2926.38280  2926.382800  2926.3828
fused_dropout_kernel_vec                                         2.0  3684.922750   573.624325  3279.3091  3482.115925  3684.92275  3887.729575  4090.5364
gemmk1_kernel                                                    4.0  3615.272275  1283.111223  1692.0963  3566.088075  4227.69950  4276.883700  4313.5938
gemv2T_kernel_val                                                2.0  3119.281350   252.547783  2940.7031  3029.992225  3119.28135  3208.570475  3297.8596
im2col_kernel                                                    5.0  3746.792420   712.373382  2697.2957  3313.710900  4192.14160  4217.228000  4313.5859
kernelPointwiseApply1                                            5.0  3200.551300  1837.116681    42.5007  3113.503900  4209.03760  4298.007800  4339.7065
max_pool_forward_nchw                                            3.0  3879.264800   615.687128  3177.7705  3653.891350  4130.01220  4230.011950  4330.0117
reduce_1Block_kernel                                             1.0  2918.989300          NaN  2918.9893  2918.989300  2918.98930  2918.989300  2918.9893
softmax_warp_forward                                             1.0  2911.952900          NaN  2911.9529  2911.952900  2911.95290  2911.952900  2911.9529
vectorized_elementwise_kernel<4, threshold_kernel_impl<…>, _>    7.0  3790.339600   622.627410  2933.7717  3243.255150  4144.07710  4294.487300  4379.0435
volta_sgemm_128x32_nn                                            2.0  4425.336400    32.467515  4402.3784  4413.857400  4425.33640  4436.815400  4448.2944
volta_sgemm_128x32_sliced1x4_nn                                  2.0  4206.040050    60.699955  4163.1187  4184.579375  4206.04005  4227.500725  4248.9614
volta_sgemm_128x32_tn                                            1.0  3070.531200          NaN  3070.5312  3070.531200  3070.53120  3070.531200  3070.5312
volta_sgemm_128x64_nn                                            1.0  3362.598400          NaN  3362.5984  3362.598400  3362.59840  3362.598400  3362.5984

gpu_stall_dramfull:
                                                               count          mean            std        min         25%        50%         75%        max
clean_names                                                                                                                                               
adaptive_average_pool                                            1.0  0.000000e+00            NaN        0.0        0.00        0.0        0.00        0.0
dot_kernel                                                       1.0  0.000000e+00            NaN        0.0        0.00        0.0        0.00        0.0
fused_dropout_kernel_vec                                         2.0  0.000000e+00       0.000000        0.0        0.00        0.0        0.00        0.0
gemmk1_kernel                                                    4.0  1.150000e+03     307.276206      868.0      946.00     1085.0     1289.00     1562.0
gemv2T_kernel_val                                                2.0  3.007404e+06  851234.235075  2405490.0  2706446.75  3007403.5  3308360.25  3609317.0
im2col_kernel                                                    5.0  1.615040e+04   32880.609359       36.0     1367.00     1409.0     3001.00    74939.0
kernelPointwiseApply1                                            5.0  0.000000e+00       0.000000        0.0        0.00        0.0        0.00        0.0
max_pool_forward_nchw                                            3.0  0.000000e+00       0.000000        0.0        0.00        0.0        0.00        0.0
reduce_1Block_kernel                                             1.0  0.000000e+00            NaN        0.0        0.00        0.0        0.00        0.0
softmax_warp_forward                                             1.0  0.000000e+00            NaN        0.0        0.00        0.0        0.00        0.0
vectorized_elementwise_kernel<4, threshold_kernel_impl<…>, _>    7.0  8.036686e+04   75939.179805        0.0    26778.00    53653.0   126054.50   203250.0
volta_sgemm_128x32_nn                                            2.0  4.719900e+04   51805.471217    10567.0    28883.00    47199.0    65515.00    83831.0
volta_sgemm_128x32_sliced1x4_nn                                  2.0  1.318575e+05   26392.760608   113195.0   122526.25   131857.5   141188.75   150520.0
volta_sgemm_128x32_tn                                            1.0  0.000000e+00            NaN        0.0        0.00        0.0        0.00        0.0
volta_sgemm_128x64_nn                                            1.0  2.220830e+05            NaN   222083.0   222083.00   222083.0   222083.00   222083.0

gpu_stall_icnt2sh:
                                                               count       mean         std  min  25%  50%  75%    max
clean_names                                                                                                           
adaptive_average_pool                                            1.0   0.000000         NaN  0.0  0.0  0.0  0.0    0.0
dot_kernel                                                       1.0   0.000000         NaN  0.0  0.0  0.0  0.0    0.0
fused_dropout_kernel_vec                                         2.0   0.000000    0.000000  0.0  0.0  0.0  0.0    0.0
gemmk1_kernel                                                    4.0   0.000000    0.000000  0.0  0.0  0.0  0.0    0.0
gemv2T_kernel_val                                                2.0   0.000000    0.000000  0.0  0.0  0.0  0.0    0.0
im2col_kernel                                                    5.0   0.000000    0.000000  0.0  0.0  0.0  0.0    0.0
kernelPointwiseApply1                                            5.0   0.000000    0.000000  0.0  0.0  0.0  0.0    0.0
max_pool_forward_nchw                                            3.0   0.000000    0.000000  0.0  0.0  0.0  0.0    0.0
reduce_1Block_kernel                                             1.0   0.000000         NaN  0.0  0.0  0.0  0.0    0.0
softmax_warp_forward                                             1.0   0.000000         NaN  0.0  0.0  0.0  0.0    0.0
vectorized_elementwise_kernel<4, threshold_kernel_impl<…>, _>    7.0  83.142857  219.975323  0.0  0.0  0.0  0.0  582.0
volta_sgemm_128x32_nn                                            2.0   0.000000    0.000000  0.0  0.0  0.0  0.0    0.0
volta_sgemm_128x32_sliced1x4_nn                                  2.0   0.000000    0.000000  0.0  0.0  0.0  0.0    0.0
volta_sgemm_128x32_tn                                            1.0   0.000000         NaN  0.0  0.0  0.0  0.0    0.0
volta_sgemm_128x64_nn                                            1.0   0.000000         NaN  0.0  0.0  0.0  0.0    0.0

Stall:
                                                               count          mean           std         min          25%         50%           75%          max
clean_names                                                                                                                                                     
adaptive_average_pool                                            1.0  4.298880e+05           NaN    429888.0    429888.00    429888.0  4.298880e+05     429888.0
dot_kernel                                                       1.0  3.009100e+04           NaN     30091.0     30091.00     30091.0  3.009100e+04      30091.0
fused_dropout_kernel_vec                                         2.0  7.835000e+03  4.682461e+03      4524.0      6179.50      7835.0  9.490500e+03      11146.0
gemmk1_kernel                                                    4.0  2.858120e+05  2.275832e+05    147993.0    148275.75    186148.0  3.236842e+05     622959.0
gemv2T_kernel_val                                                2.0  8.869948e+07  3.255632e+07  65678686.0  77189082.75  88699479.5  1.002099e+08  111720273.0
im2col_kernel                                                    5.0  8.123998e+06  3.212533e+06   4638776.0   6179299.00   7551548.0  9.252898e+06   12997469.0
kernelPointwiseApply1                                            5.0  1.660600e+03  2.366462e+03       348.0       350.00       360.0  1.435000e+03       5810.0
max_pool_forward_nchw                                            3.0  1.028702e+06  6.269601e+05    338565.0    761480.50   1184396.0  1.373770e+06    1563144.0
reduce_1Block_kernel                                             1.0  2.500000e+02           NaN       250.0       250.00       250.0  2.500000e+02        250.0
softmax_warp_forward                                             1.0  3.200000e+01           NaN        32.0        32.00        32.0  3.200000e+01         32.0
vectorized_elementwise_kernel<4, threshold_kernel_impl<…>, _>    7.0  2.775419e+05  3.412534e+05        64.0     57282.00    115018.0  4.648120e+05     783523.0
volta_sgemm_128x32_nn                                            2.0  2.782814e+07  1.079406e+07  20195586.0  24011862.25  27828138.5  3.164441e+07   35460691.0
volta_sgemm_128x32_sliced1x4_nn                                  2.0  2.652330e+07  7.423990e+06  21273748.0  23898525.00  26523302.0  2.914808e+07   31772856.0
volta_sgemm_128x32_tn                                            1.0  6.771930e+05           NaN    677193.0    677193.00    677193.0  6.771930e+05     677193.0
volta_sgemm_128x64_nn                                            1.0  1.155600e+07           NaN  11556001.0  11556001.00  11556001.0  1.155600e+07   11556001.0

Stall_W0_Idle:
                                                               count          mean            std       min         25%        50%         75%        max
clean_names                                                                                                                                              
adaptive_average_pool                                            1.0  3.003460e+05            NaN  300346.0   300346.00   300346.0   300346.00   300346.0
dot_kernel                                                       1.0  7.143400e+04            NaN   71434.0    71434.00    71434.0    71434.00    71434.0
fused_dropout_kernel_vec                                         2.0  6.789000e+03    3775.950212    4119.0     5454.00     6789.0     8124.00     9459.0
gemmk1_kernel                                                    4.0  3.225190e+05  117495.243745  261394.0   262393.00   264980.0   325106.00   498722.0
gemv2T_kernel_val                                                2.0  1.109422e+06  330160.176951  875963.0   992692.25  1109421.5  1226150.75  1342880.0
im2col_kernel                                                    5.0  1.958930e+05   60120.137475  117779.0   150358.00   209110.0   248852.00   253366.0
kernelPointwiseApply1                                            5.0  8.544600e+03   12123.496414    1818.0     1832.00     1853.0     7425.00    29795.0
max_pool_forward_nchw                                            3.0  1.590143e+05   27671.421581  127468.0   148929.50   170391.0   174787.50   179184.0
reduce_1Block_kernel                                             1.0  3.354200e+04            NaN   33542.0    33542.00    33542.0    33542.00    33542.0
softmax_warp_forward                                             1.0  1.746000e+03            NaN    1746.0     1746.00     1746.0     1746.00     1746.0
vectorized_elementwise_kernel<4, threshold_kernel_impl<…>, _>    7.0  1.438514e+05   90320.866295   25293.0    83895.00   142974.0   203685.50   263532.0
volta_sgemm_128x32_nn                                            2.0  1.033635e+05    9307.646561   96782.0   100072.75   103363.5   106654.25   109945.0
volta_sgemm_128x32_sliced1x4_nn                                  2.0  1.125457e+06  282723.918535  925541.0  1025499.00  1125457.0  1225415.00  1325373.0
volta_sgemm_128x32_tn                                            1.0  8.665000e+03            NaN    8665.0     8665.00     8665.0     8665.00     8665.0
volta_sgemm_128x64_nn                                            1.0  6.120360e+05            NaN  612036.0   612036.00   612036.0   612036.00   612036.0

Stall_W0_Scoreboard:
                                                               count          mean           std         min          25%         50%          75%         max
clean_names                                                                                                                                                   
adaptive_average_pool                                            1.0  1.706000e+05           NaN    170600.0    170600.00    170600.0    170600.00    170600.0
dot_kernel                                                       1.0  3.516270e+05           NaN    351627.0    351627.00    351627.0    351627.00    351627.0
fused_dropout_kernel_vec                                         2.0  2.578000e+04  1.356938e+04     16185.0     20982.50     25780.0     30577.50     35375.0
gemmk1_kernel                                                    4.0  9.150050e+04  3.767310e+04     71221.0     71235.25     73428.0     93693.25    147925.0
gemv2T_kernel_val                                                2.0  1.699054e+07  7.082966e+06  11982126.0  14486332.50  16990539.0  19494745.50  21998952.0
im2col_kernel                                                    5.0  1.716784e+05  8.281134e+04     56035.0    136829.00    174119.0    215067.00    276342.0
kernelPointwiseApply1                                            5.0  4.050000e+02  5.414005e+02        83.0        96.00       109.0       391.00      1346.0
max_pool_forward_nchw                                            3.0  1.601040e+05  1.170091e+04    147215.0    155127.00    163039.0    166548.50    170058.0
reduce_1Block_kernel                                             1.0  8.180000e+03           NaN      8180.0      8180.00      8180.0      8180.00      8180.0
softmax_warp_forward                                             1.0  1.187000e+03           NaN      1187.0      1187.00      1187.0      1187.00      1187.0
vectorized_elementwise_kernel<4, threshold_kernel_impl<…>, _>    7.0  6.437153e+05  5.365081e+05      9647.0    275561.50    545031.0    968171.50   1463863.0
volta_sgemm_128x32_nn                                            2.0  1.109185e+05  1.770808e+04     98397.0    104657.75    110918.5    117179.25    123440.0
volta_sgemm_128x32_sliced1x4_nn                                  2.0  4.321130e+05  4.205023e+04    402379.0    417246.00    432113.0    446980.00    461847.0
volta_sgemm_128x32_tn                                            1.0  3.008400e+05           NaN    300840.0    300840.00    300840.0    300840.00    300840.0
volta_sgemm_128x64_nn                                            1.0  2.434470e+06           NaN   2434470.0   2434470.00   2434470.0   2434470.00   2434470.0

max_icnt2mem_latency:
                                                               count          mean           std      min       25%      50%      75%      max
clean_names                                                                                                                                   
adaptive_average_pool                                            1.0   2327.000000           NaN   2327.0   2327.00   2327.0   2327.0   2327.0
dot_kernel                                                       1.0  36919.000000           NaN  36919.0  36919.00  36919.0  36919.0  36919.0
fused_dropout_kernel_vec                                         2.0  12603.000000  14532.458567   2327.0   7465.00  12603.0  17741.0  22879.0
gemmk1_kernel                                                    4.0   2133.750000    386.500000   1554.0   2133.75   2327.0   2327.0   2327.0
gemv2T_kernel_val                                                2.0  29899.000000   9927.779208  22879.0  26389.00  29899.0  33409.0  36919.0
im2col_kernel                                                    5.0   2172.400000    345.696109   1554.0   2327.00   2327.0   2327.0   2327.0
kernelPointwiseApply1                                            5.0   1874.600000   1011.597153     65.0   2327.00   2327.0   2327.0   2327.0
max_pool_forward_nchw                                            3.0   2327.000000      0.000000   2327.0   2327.00   2327.0   2327.0   2327.0
reduce_1Block_kernel                                             1.0  36919.000000           NaN  36919.0  36919.00  36919.0  36919.0  36919.0
softmax_warp_forward                                             1.0  36919.000000           NaN  36919.0  36919.00  36919.0  36919.0  36919.0
vectorized_elementwise_kernel<4, threshold_kernel_impl<…>, _>    7.0  10204.714286  14050.993390   2327.0   2327.00   2327.0  12603.0  36919.0
volta_sgemm_128x32_nn                                            2.0   2327.000000      0.000000   2327.0   2327.00   2327.0   2327.0   2327.0
volta_sgemm_128x32_sliced1x4_nn                                  2.0   2327.000000      0.000000   2327.0   2327.00   2327.0   2327.0   2327.0
volta_sgemm_128x32_tn                                            1.0   2327.000000           NaN   2327.0   2327.00   2327.0   2327.0   2327.0
volta_sgemm_128x64_nn                                            1.0   1727.000000           NaN   1727.0   1727.00   1727.0   1727.0   1727.0

average_mflatency:
                                                               count         mean         std     min      25%     50%      75%     max
clean_names                                                                                                                            
adaptive_average_pool                                            1.0   369.000000         NaN   369.0   369.00   369.0   369.00   369.0
dot_kernel                                                       1.0  1250.000000         NaN  1250.0  1250.00  1250.0  1250.00  1250.0
fused_dropout_kernel_vec                                         2.0   671.500000  427.799603   369.0   520.25   671.5   822.75   974.0
gemmk1_kernel                                                    4.0   379.000000   63.786101   331.0   348.25   356.0   386.75   473.0
gemv2T_kernel_val                                                2.0  1112.000000  195.161472   974.0  1043.00  1112.0  1181.00  1250.0
im2col_kernel                                                    5.0   353.800000   39.581561   318.0   327.00   350.0   355.00   419.0
kernelPointwiseApply1                                            4.0   383.500000   72.647551   331.0   348.25   356.0   391.25   491.0
max_pool_forward_nchw                                            3.0   405.000000   74.906609   354.0   362.00   370.0   430.50   491.0
reduce_1Block_kernel                                             1.0  1250.000000         NaN  1250.0  1250.00  1250.0  1250.00  1250.0
softmax_warp_forward                                             1.0  1250.000000         NaN  1250.0  1250.00  1250.0  1250.00  1250.0
vectorized_elementwise_kernel<4, threshold_kernel_impl<…>, _>    7.0   591.428571  368.761828   331.0   355.50   370.0   739.00  1250.0
volta_sgemm_128x32_nn                                            2.0   325.000000    1.414214   324.0   324.50   325.0   325.50   326.0
volta_sgemm_128x32_sliced1x4_nn                                  2.0   362.500000    7.778175   357.0   359.75   362.5   365.25   368.0
volta_sgemm_128x32_tn                                            1.0   491.000000         NaN   491.0   491.00   491.0   491.00   491.0
volta_sgemm_128x64_nn                                            1.0   367.000000         NaN   367.0   367.00   367.0   367.00   367.0

